A
determinant
trace
-1.3603694217437086,0.3548628934193454,28
-0.21844418615404848,2.1010248056967673,6
0.5154280235339714,1.6398211262767304,16
-1.5742689527230023,-1.46219329612041,17
-2.5796437124292195,0.7391281255035766,27
0.11520986214992507,-1.2730061465548057,9
0.5342299227927054,-1.7752799616687691,10
1.272933792027156,2.2739818600330963,33
-0.9734077385680759,-1.053670195768737,13
0.0745484499931478,-1.1145685400179086,9
-0.22543698929820244,1.5236074528995005,7
0.21138621571527816,2.0932948907343905,6
-0.3178097217026831,1.6166747431056039,7
-0.9474418497832369,1.8884781212669952,12
-0.03087004536322646,-2.2060066315514772,5
-1.7512410403714538,0.6870705634173822,32
-0.16818212075473848,-1.8140296788627972,7
-1.8907845728840311,1.6273330063951903,15
-1.4515664376717607,-1.070007702860582,14
-0.6385883852489693,-1.4291411738883675,11
-0.18587458449639654,1.0791994131378981,9
-3.5684221879370566,1.1821049044301353,20
2.481201111459169,-3.161456880354372,44
-1.234730917074435,-0.14850159376290528,94
-0.6953738412382298,1.1016757894343807,13
-3.165197940320403,-1.1546920686908986,26
-1.7634643640741694,-0.5808213721181517,22
-1.0998386779273817,-1.1861673812799465,13
1.2270457464229452,2.968432308513116,11
-1.696912121648154,-0.47726015300342484,28
-0.01306434219934615,0.2783331696885095,8
-0.7027908182721478,-0.6015067610016023,21
-0.3147613644401458,-1.9270457692243377,7
-0.4502033794113529,-1.0561545199147497,11
-0.7484845271365099,-0.8062889098775957,16
-4.207983269897921,0.4792175001748251,61
-0.4537829579615208,-1.768800646489105,8
2.4214635895321557,3.360585467314738,17
-0.3615224762471407,-1.1561748706897028,9
1.2203023822277634,-2.2993315634449134,18
0.44730871581272824,2.045476828199965,8
-2.5764820350083446,-0.24537603102194283,88
-0.9505762418596766,-0.7930631237667718,12
-1.231515314173481,-2.0959229276056828,9
-2.1098574479329995,-1.3507865116607474,16
1.02576134034434,2.283984572162302,15
-0.08393399205561337,0.5950893591977107,9
0.2687336661237366,-1.5750172959739777,8
-0.013234161040176828,-1.7516283391164196,5
-0.7948738939062497,-1.008432800080154,10
-1.1203663265961215,-1.061239533570217,10
-0.49874570323895384,-1.0833702425236922,10
-0.8312400102242595,-0.4590152649251592,28
-0.42603953819305107,2.0827921833612044,8
-1.8993366946350272,0.25626832485933004,87
-0.7159215648836059,-0.6002125907779172,17
2.0086555465846945,-3.0647591698254506,17
-1.425549844441735,0.18375006454624243,91
-1.7616155280001624,1.5003123659093707,14
-1.2511263526587837,-0.7187796311989074,19
-1.1608574879100335,-1.4288408351733928,14
-0.05596066369001804,-1.6954120436521105,7
-0.42988880572242716,-1.9775577752101283,7
-1.801748016295174,-0.9911418326410524,21
-0.7978845824256784,0.5466102829079338,30
0.3322487618653932,1.343810284532551,10
0.8184849089537206,2.148201419296755,12
0.11676737142424365,1.2242580303146724,7
-1.779350323639353,1.4932072319800618,16
-3.9836474360680785,-0.7066123265357072,31
-0.10094997846817322,-1.920174845088076,5
0.6794066396123455,-2.023453196771826,10
0.2837036750857503,1.0886666904514049,19
0.014218836829329229,2.837494061852532,5
-0.43911611572476983,-0.44909380718853487,19
0.6546788764697107,-2.1201868178079546,9
-2.05981871485659,0.5334955047001204,30
-0.2511380902642486,1.4635007873895878,7
-0.4540079575248296,-1.4087014007079048,9
1.0079771062571803,2.047246683277184,25
-0.11989674408665685,1.6580646715474872,6
0.3014041675766402,-1.103384433821192,33
-0.24328160368341717,0.1587712779326974,36
-0.5485872185791524,-0.48097273565881016,17
0.5927868507820075,-3.017073458098249,7
-1.3944599028515996,-0.4822645704538224,33
-1.4433917204650095,-0.2968868972302765,39
0.6168350926428845,3.6628821985683113,8
-0.32766396787215935,1.4500399729899967,8
-0.9776262704082188,0.5296022882074378,24
-2.0529284680332345,1.7595768524698712,15
0.40458685030964936,1.5297799029468175,11
-1.5377440435298926,1.6472629315976084,13
-0.8819756420767824,-0.7424178283409205,17
-2.2736086591970603,-0.26638374842926327,54
-1.926420067390802,-1.2316631216242653,15
-0.6287135733496643,0.7016110242675884,10
-1.2706728338701163,-0.5939316708550276,19
-0.7236053570186578,-2.934655188656589,7
0.19994224027508267,-1.7249863979497964,7
-3.1976319273055425,-0.6871148927680744,37
1.2299269751064317,2.602983570158309,11
-0.8644916476054961,0.4356477773844437,25
-1.8266883894439112,1.0287704702885183,21
1.1307482498555346,-3.6767439113418208,9
0.3992980414692918,1.673318819566699,11
-2.053776866720355,-0.19770050128005923,76
0.5755883108086282,-2.353709375835611,9
2.4609416179637127,3.1920896817557445,24
-1.0762031122153086,-0.5914989110203238,25
-2.2509845675087403,-0.8512528130234513,23
-2.4561895713960347,0.9914806099579696,25
-4.770038206207134,0.37473044069241324,65
-0.8860582015520655,2.3744103462292916,10
-5.176511960356821,0.7955713412001062,36
2.1948508020892885,3.6941917027311013,10
-0.331243272290354,-2.7670653748884897,6
-2.9534471844564743,-0.2703757797756028,65
0.4679809974232618,-1.4993571604424094,14
-0.9203105802595695,1.0520374990165164,8
-0.15205035899016567,-0.0694696990183088,65
-0.7754797039031089,1.8453415413400955,10
-2.6468379512903777,-1.5242739486260275,12
-2.3436120001111105,0.4961473367572704,41
0.7149143512362024,-2.080021865218201,12
-2.072106381171716,-1.036271717018658,19
2.1118800402884723,3.1792218743540577,15
0.2197999569196901,1.2906482085027695,9
0.14771955988366753,-1.5703483323375145,8
-1.6994517216789282,0.8101605976803162,26
0.03390634414504064,-0.5077898656551814,9
0.3757943024581836,1.7093744638136745,9
-0.18736303213718447,-0.35076301680270494,15
-0.29252106971101843,-1.105470809190182,11
0.18857418595193692,-1.3591967402678802,9
0.7767861821029598,2.090809993080186,12
-0.5694927344337005,-1.1377340190189105,12
0.9440202505035282,-2.3763791507121805,8
-1.2813124592171876,1.0402385592903391,15
-2.2067209019107525,0.4724349632170357,45
-3.459506631236014,-0.24017690957609394,98
-0.5037060215038549,0.28999829976328617,27
2.856360761235662,-3.571266769294577,18
-1.2709628465028644,1.4649337982082802,12
-4.249466667337644,-0.36286058756711226,77
1.5934772780743276,-2.56657981458494,22
-3.210318877527766,-0.5379896414435306,34
-1.093584608384791,-0.5402595344121088,27
-0.3054597853035839,0.4755699039432314,17
2.896823140091615,4.031537391306404,4
-0.5345026238827916,-0.6766578828728442,20
-0.9567493275745373,-1.5068041215653707,12
1.3479404420323835,-2.6509312554823787,9
-3.9941862412169393,-0.6597903948153743,34
-0.5435126665649177,-1.2716516064539363,9
-0.25671841694408515,0.23571284546772453,23
0.4753276178754697,-1.8600655604939371,9
-0.4979006355194471,-0.21581389898785874,28
-3.810820929738468,1.0321441744099715,29
-0.23913906271235413,-1.8726686611078704,6
-2.7818017434689875,0.6483455778706289,37
1.5351696803732533,-2.675331600568646,14
-0.8028234021811351,1.0447084114816394,15
-0.4460347809551226,0.17488192785085888,41
-2.7882760178917128,-0.5543810970072278,24
-0.980676617658081,0.5082637536972819,23
-1.88131246968057,-2.558656986141798,8
-0.3174493777612,-0.7374901079089723,16
0.8139064437394248,2.300482270151944,9
-4.392949059883147,-0.890854610101951,27
-2.703065859235951,1.2191618211619548,22
-0.6504676957296539,0.9057596718123238,12
-2.652877258409188,0.4140329053248175,31
-0.8526975680779193,1.7788066570335186,9
-2.1401526351107227,0.28276795276114,71
-0.717376236782784,-1.4208171990904364,9
0.2536787870489603,1.1484119977915679,12
-0.2454944334942144,-0.9175530675464632,10
-0.27193621274307156,-0.9171669614880278,9
0.7015628606698399,-2.0244114812312937,13
-2.042822006373832,-0.4313326118961147,51
0.04669814519644163,0.48912992971815433,14
-0.8379522622865634,-0.5368597102430436,19
-1.8672959660994182,0.7704103313776973,25
-1.672417711289724,-0.189208002605044,76
-0.38083002773118146,0.7581321318692641,13
-1.186597129890417,1.8115262077020697,11
-0.8068390324550289,1.7973789822475201,10
-0.5637236122432947,-0.5012974434792663,19
0.19905449665857944,3.305518461372001,7
0.055666797172419236,0.5524696259705514,10
-0.49996959672710495,-2.0271061293111967,9
3.0001738953656445,-3.5402426710627695,21
-3.4504732592254173,0.5151956323649525,37
0.08069954696219148,1.3914490784720375,7
-0.9969280669765284,2.2567900336663462,8
-1.026271826681281,1.6897003826587338,11
-1.1179953707875256,1.2086561880248294,12
-2.3517439511523985,1.6414785310177678,15
-0.2192463210079919,-1.783624127377043,8
-2.50440177502331,-0.4180301077586104,38
-2.2004898517894573,-2.204230042977703,14
-2.2195526671165116,-1.14152851821032,19
-2.1335952377485636,-0.8389234156095393,26
-1.1406932920648658,-0.3118529785379831,49
-1.730668045376994,1.064157172578772,13
-1.6438195912925715,-0.8934714583926583,12
0.4306663177040412,1.4171655845367956,12
-1.2800436387193308,-0.37999154077778274,29
-0.915062211749671,0.7423869974965417,23
-1.8508656298172426,-0.44531607049132815,36
1.4086213365598688,-2.443232815790776,31
-3.45858131547173,-0.7139478594889326,35
-0.7392508946555674,0.5765060877491263,20
-1.3465543649289604,-1.4830500578803543,11
-1.539325116388305,-0.6680208666734779,20
-0.4422309588241251,1.624820074064947,5
-0.4475610547636025,-0.9756245066114863,13
-1.2291729625317622,0.4979205955212652,28
-0.08746120187875694,-0.6744070064354168,9
0.41805131745444746,1.5218617400741257,11
0.7649821841462974,3.3271328017583888,7
-0.8053291204963564,0.6230245845209018,17
-0.011861841088930514,1.933822520027635,5
1.1504098182318816,-3.5255277976743,10
0.39110760003810846,-1.309651292644789,14
-1.0012670601502518,0.3394516671614952,40
-0.8415512615882631,1.5292088309168652,10
0.9504457502003504,2.1041798993040817,16
-1.0296582929745357,-1.1402393604178687,15
-0.02539246595525002,-1.48073046506246,6
-1.7152370636686176,0.2772013143294769,66
-0.8513354868764869,-0.1549769563511666,66
-0.8536589430113329,-0.6825268394587535,26
0.9666586077864242,-2.1887269874832818,18
-1.3148995585574008,-1.2897301463853974,12
-0.6139758009007931,-0.570277780667865,21
-4.704749375979914,0.3202056070534893,86
-1.4662633398331144,-0.3088420216613683,42
0.4060560489180729,1.464285150765,11
-2.777656210706692,-0.8387475278676695,27
-2.1705753449713354,0.7147602379799398,29
-0.7049846371342187,0.7396340706008686,23
-1.229099409426573,-0.5270925870479788,23
-0.13877074898675196,0.7894054557471115,11
-1.9369132506983957,-0.23615320184087252,87
-0.0623705942152748,1.7239663513868644,7
-1.9745731230592614,0.9346212038747739,21
-2.894014489843551,1.6737252113790961,18
-3.510581843513883,0.4050601554151507,48
-0.644072860496738,0.7612692106718083,16
-2.0720105636846724,0.5561467088710184,41
1.8880918775829663,-3.1662187155203196,11
-1.8812086898739242,1.2919509119404293,14
-0.4481851911808473,1.522588640475891,8
0.5502305287206704,-2.538919558727742,10
-0.8118245973802155,1.1029890115925658,12
-1.469121240053306,-1.453797551267839,13
1.70881859239856,-2.689982888291972,26
-0.22045493032605198,1.4762965281667966,7
-1.4111994760618956,2.5657641967780838,9
-0.011338665410037946,-1.7038938409108506,6
-2.286291719822761,0.5014584229612264,30
0.5414813245779337,-3.1243095249287443,8
-1.1187832568960567,0.834425803902702,18
-0.4180892990318664,-0.3257483586224399,33
-0.738965786541981,-2.6608406935133897,7
-2.8406983268381816,0.48886110173142083,59
-0.26969302368764786,-0.806060112850516,10
1.679110808951849,2.6798759119038813,19
-0.930434772065891,-1.3558943890133417,12
0.3069134631841162,-1.5086047615634404,9
2.219187045531751,-3.383373324858003,14
-0.6569738960794882,1.080500291726663,11
-2.4838164873074593,1.515181376953011,14
-0.8603818057571975,-0.6464365715219872,17
-0.2958805330766861,1.1146059241480115,9
-1.2391424273255285,-0.907721475295831,15
1.0218117299149585,-2.5252849387148437,10
-1.146446383191883,-1.0115716372725603,12
-1.6731470555626407,1.4048765902874236,13
-3.102594122104778,0.29360492529590787,80
-1.0048956437028953,0.12724348577848732,90
1.400257743116796,2.712874157759898,11
2.819676882841523,3.4912264137389286,21
0.8847357714387916,-2.5296522074461105,10
-0.8466370956319401,0.3431252487137848,28
-1.0131464568030042,0.9273067137407724,14
0.40711826949411845,1.715668834197446,10
-0.01766658672435706,2.185217128910852,5
-0.12706147178063942,-1.7538098986935777,6
-0.6748232299755534,-2.0977282204217627,9
-2.3426480468264157,-0.2459803699194798,94
-0.31699453820423407,0.9553420281125669,10
-0.24611909721365577,-2.2883773539033547,6
-0.42618590975571197,-0.6103792652101466,17
-0.10765514033266431,-0.6922292021475713,11
-2.485393540736834,-0.930756653670934,23
-3.4978461686778086,1.4626657402853023,21
0.9922482799522654,-2.690050060269559,9
-0.3783683155000461,-0.6962878631227963,15
-0.8743035899437861,-1.1242750996339623,11
-2.988400748711157,-0.7405698970896908,33
1.3734857482205851,-3.3891932732164296,11
-0.8815111302306147,-0.8713775677567457,17
-0.7286540854279966,-1.8071986605142523,9
-1.6403321833348716,1.758949751364412,11
0.6056791053571184,-1.791479752926774,12
0.014834465976971023,-2.219737426905771,5
0.15590777791356114,1.537730136793065,7
-1.058083606639859,2.056664252854617,11
-1.577076093291113,0.7045241120497753,21
0.9638215427133002,2.775898812197315,11
-0.1009989908413697,1.7703978541231153,6
-0.7706891639018164,0.45087503492305214,27
0.24630598946517201,1.011224868534711,16
1.1737420519155577,2.2793017004592224,19
0.05684033542531819,2.640313220986289,5
-0.3381780375562111,0.9659198416438197,12
0.9028411409950031,-2.0662452278507812,15
-0.7889886173374707,0.6405949657258235,18
-0.7840055885750186,0.4902937283853117,27
-0.8151225035453428,1.4373347112880133,11
0.9431317227498075,2.950103973547452,9
-0.16397677363535124,1.7445274328672236,8
0.9013147892117463,-2.5828386714521825,10
-3.0325543834362616,0.5515273766128983,41
-0.24738148743237098,0.8730639640606693,10
-2.500643617595812,1.2074077408194006,22
-1.8016092454760797,-0.2548364796825078,53
-0.5011535109929479,-1.606077676213754,10
-0.9239582411500338,0.4438893490506792,29
1.1467031386871658,2.199187328609372,25
-0.23330571119040966,-1.013400520064315,8
2.3573091291588355,-3.6792158081810626,10
-1.1005670931938893,-0.2921749650284763,58
1.7536081742363803,-2.839393453054801,17
-0.21942577880559533,-0.5911334630931481,13
0.09081715673961144,-1.3090843199257416,7
0.7607667414201151,3.028829020476793,7
-1.8568068954335835,-0.8002074784851492,26
-1.8402686088427007,1.8290696218091322,13
-0.4711657056659113,-1.7649941162154201,9
-0.0477022460343096,-0.709113793612257,8
2.5285778813894386,-3.3918158817721125,13
-1.2351654084839216,0.7286667295727518,18
-4.259178314835249,0.40834350974437705,65
-2.1317993187382687,-2.5790165290346128,9
-0.774531685507942,0.2019681876721302,52
-3.28640933938154,1.079745061988272,21
-0.2910930687326459,0.9160725997030643,10
-0.728940396165242,-0.9557645141267349,11
0.3006241116073487,2.1096066208765376,9
-0.8556403164355132,0.46070342172201606,33
1.2311330669137264,2.6934284517896105,11
0.09750436825949027,-3.3874279255185633,5
-0.12953884644779334,-2.15525230730386,6
-0.16029453871796942,0.08446766714789633,44
-0.7524532140557856,-0.565578211070143,17
-0.630720696540786,1.2431821074694382,12
0.611802010943878,-1.9096593934663626,10
-0.17074377870652313,1.093600741359157,8
-0.29712646290640227,-0.31083613576815683,33
-0.660781307710783,1.5775604093954592,8
-0.5548894067360118,-1.6541752081326444,8
-0.9743543113720814,-1.2199805470945488,14
0.09406473239654711,-2.2278146948110447,7
-1.0825991722577686,-2.2391097767129695,8
-0.9086196197971814,0.3872658123537397,36
3.5484879872543234,-3.8034783864654447,34
-0.12181239342669459,-0.25206108937799243,17
-2.869544430888255,0.4375084101795004,43
0.7279272413496463,2.0412254181960403,13
-0.894105212101286,2.164771230460902,10
0.33809113516929906,-1.7668407520681715,8
-1.5726485961846037,0.9511303779588897,14
-2.3268724777909044,-0.298584980452713,49
0.09687104535428381,0.7514530359101365,11
2.1783500366123403,2.957815978177596,55
-0.7545399964763337,-0.7780277849545527,17
-0.41443458493864804,1.0053345689582507,13
-1.9958746360114383,0.7452784161323669,28
0.5056955153936925,-2.103945805386518,8
-0.008868534016824886,1.8364403309981085,5
-1.9433539720803858,-0.8060717586490371,22
-2.5128789552707356,-0.8038917775173711,27
-0.4665426969400618,1.664475523757262,7
0.09301659263946271,-1.5687685525070463,6
-1.1445073743367442,-0.8190895019996377,19
0.13962658144682216,1.5885682547896383,5
-3.5235082971034823,-0.37771300792794404,63
-1.9703015605207188,1.7576399413919197,14
-0.13408585668035747,0.9663457798757648,7
-1.266666902468894,2.6725522220053355,10
-1.376845770479116,0.6933899665815686,18
0.4039393794801357,1.6371380333448493,13
-0.8518968054195662,1.3035532435442165,13
-0.22300920479250352,1.7861497697162967,8
-0.6111875557419334,1.9553821715503465,8
-2.5048823290748277,0.8679520738351141,22
0.6240610051972357,-1.6470704193457606,19
0.5323759898598631,1.9328550234961877,11
-0.42085352741772,0.33147873446145804,17
-1.3030612400116013,1.5891939128321075,11
1.5817749190954475,2.8189992528221524,11
-1.7308210935820103,1.165371628515104,19
-1.476360068140509,-1.021240232949524,19
-1.8567089798852714,0.6569814192712737,30
-1.097073783424717,-3.321146712591923,6
2.513525731502356,3.1984230965327427,44
-1.1446016122841491,-1.4306995187435447,13
-1.6746710941438712,0.7039431565524513,24
-0.4388297006261487,-0.5013596610946383,15
0.38551854173715755,1.548118066152196,10
-2.2776121087440533,-0.5856400644812796,35
0.12424898982403117,1.190537967352308,7
1.4640812059852077,3.53989610947337,10
-2.1919524027322357,0.4729551731167905,33
-1.8967404474016145,-0.5942725653094267,27
0.2310483001181235,1.78833615712926,8
-3.4825967304854255,-0.4142832261084246,69
-1.0336997802301213,-0.9446557781404707,23
-1.846307415178789,-0.7236802757366576,19
0.5821390166226973,2.425824740932095,7
-0.7711030916930922,0.9197919447730961,13
-0.2803811730481377,-0.2970387676461586,24
1.3351313895975159,-3.6385838902435905,10
0.04975542412512762,-0.5991258977755367,9
-1.7827168044893398,-0.778562885274471,26
-0.2943949828926188,0.37908333817850076,15
0.06581903929177824,1.5394710669729352,6
-0.24563075804699042,-1.4135633465823167,8
-0.3521582270689051,0.6728137893581112,13
-0.887301213147069,-1.4614083500564152,12
0.6621148842183076,-2.923749731372818,8
0.48271418415378564,-2.5570889677736615,8
-1.7833249008653622,0.4575665817801131,42
-1.2470869876096313,-0.48025224409788236,28
1.232617286634764,-3.2568638024781746,10
0.7757361262076163,2.3468892250238094,8
-1.936587414098394,0.702349768833588,17
-0.1812866025295169,1.181275506959664,8
2.4066459821271806,3.6362912299215173,11
-4.624990944777275,0.66116053379218,47
-2.168574288435795,-0.5414889404088365,32
-0.6030081299961738,0.4040783398860587,26
-0.8406750091635457,-1.8399527019023216,8
-0.5491196610649044,-0.1131961771956641,92
-0.5038893429685418,-1.0662491395097804,12
-1.7529772893132456,-1.1288275003089103,21
-0.8202802357246561,2.282570311604879,7
-2.6773092147770945,1.0364056463425353,18
-1.1317383424862877,-0.18789727880398377,62
0.14972732667058644,-1.2154408433508466,9
-0.9625485707370768,-1.1495528939847146,11
0.9511732516157991,-3.469785933646335,7
-0.8525389789292896,0.3074913073013845,32
-0.8497562248729305,-0.3605715372985463,35
-1.4265714773535692,0.6942429178681027,26
-1.5419881813393712,2.859899168764948,8
-1.686609385420231,0.9227011418374582,20
-2.7092043907626153,0.4041688410374753,45
-1.9856138511682078,0.7031612817339106,32
-0.7311135226200572,0.6837643516897417,19
-0.7516052659693928,-1.2603793388618776,11
0.7038225373832958,2.0942976971515583,10
-2.3670415583871534,0.5511734353617799,28
-3.2018420800915752,0.5067321453652456,47
2.1480766183248967,-3.14605662467102,18
-3.2828333977198887,1.4708745469113245,19
0.6233744607674987,-2.788319351734561,7
-0.7583583087450436,-0.6496270637360253,13
-0.12375866592006687,-0.5436060445890435,10
-0.3781679634069559,-1.9409727356512498,8
0.35251623337757776,3.190731419782598,6
0.7908176592726655,-2.159772587859978,9
-0.5195813787060962,1.2025934775562748,10
1.9463161247353964,3.057431095399144,12
0.5260755942546724,2.9535871380728804,7
-0.10989402526753432,0.1576134233036387,27
0.5665884286479432,-3.1763230134769227,7
-1.8961401089773504,2.3700608073277345,9
0.01141939524055769,0.688580612741173,6
-1.161522294065594,1.1381413062700028,16
0.09397237933871792,-1.7615315509269798,9
0.4801322641886677,1.6388578215907506,12
-0.7210150335905622,0.5639872320056881,23
-0.9679209191459892,-1.5660134300147026,10
-1.8526948614585095,0.32944236237604363,41
-1.4779301626316113,-1.1892142108219392,18
2.313695960492316,3.446008985842136,10
0.207547253537965,1.5464584117195557,9
-0.4422735822563436,1.1480412099570247,11
-0.565637573959455,0.47547661173168754,24
0.8993751548995844,-2.534299885371137,8
0.1354279705775166,1.4018555357971316,7
-1.374689493248241,-2.909493538277853,7
-2.996442993438654,-0.5327977265770556,47
-0.24183306340048483,0.8371861446601875,10
0.07422275625877783,2.1824851415692916,6
-2.35037232974241,0.7303297134500246,29
-2.547709823128328,1.221485497149656,15
-0.21233856042599203,1.1313384378273255,8
-0.9364565768376142,-1.9490441624661596,8
-3.5581534094292637,0.3322427351105719,67
2.780549927648964,3.5410439161460396,19
-3.9588226433722276,1.3463302381333988,18
-2.8101233235794707,-0.5687055677380921,43
-0.5931996483890529,-0.20127494596614692,49
0.2503920736244124,-1.7760050366633853,8
-0.5667617125865531,2.255071913799912,8
-0.5174278657610187,-0.3735562877507532,22
-2.4989303353919965,1.0840706199687975,21
0.013602118580854583,-0.8371609923722795,6
0.20877265551735943,1.0125206438965186,10
-1.6969406596225536,-0.8286797231464397,17
-0.5973962387596582,1.2026046310095304,11
-0.0710652802202163,-0.15900138035233446,17
0.9515564156076044,3.4013367465677735,9
1.0791338940191402,2.146754761003285,18
-0.7940248225652232,0.38093051649931153,32
1.394292637751216,-2.6133181070495977,14
2.1943752999030157,3.0319960163448076,19
-0.8816543814355207,-0.42476035490847774,22
-1.585015065439764,-0.681821241814038,21
-5.71609256700622,-0.3537827710019168,85
-2.908899361291724,-0.829269716854637,24
-0.5357699608455074,-1.4135513270768012,8
0.07687857265366915,-2.386275554930651,6
-0.17872811966875232,0.8974477926325742,9
-1.6067572739806422,-0.30538895807044786,57
-1.618697123195628,-0.6944572537396096,28
-3.086442833989798,-1.5972818970068248,18
-1.0598781356821054,-0.95670670468014,17
1.5669106642603225,-2.585386268688941,22
0.38647495304928525,-1.8007048564526695,8
1.4906488346680584,-2.5098173630482403,18
-1.6296122050780206,-1.069848145018439,16
-2.3427237217916255,-1.3106798143530214,18
-0.7249414104909999,-1.0117866909892932,12
-3.380909142029784,0.7515598889157145,28
-1.403543697105098,0.45777535969215655,30
-1.8078558869173955,-1.01857688014193,19
-0.7029042323587738,-1.028859884225036,15
-1.5838460596722128,-1.144517083411585,20
0.49698024665759566,2.786602351166559,8
0.25503184436882537,-1.0510107074102355,20
-3.934878038455011,0.5177321682580025,40
-3.5799278846448335,-1.1278836187206889,25
0.46698506037077564,1.3759517193883801,32
-1.1298047391055606,1.5303666264991413,11
2.6125625421831087,-3.3461324447714036,11
0.45680052777573343,-1.4154377124070283,20
-1.016857675955166,0.2534558518904352,54
-1.3990251196005545,0.6276061677355832,20
0.14398916352311963,1.1987508498758015,9
-0.7046020184785023,1.6054622451218026,9
-0.055076773777524846,1.5818494108700913,6
-0.7316600413332033,-2.4172087291995927,9
0.2847785311690738,-2.5321750660101663,7
-0.2649241874748791,-0.4919502495451703,16
-0.08608460263989781,0.5119167112220367,9
-1.1178947189302615,-0.5711001547002236,30
0.3425969469868472,-1.3178775240490852,9
-0.6367032945201718,1.5545797047057,10
0.7626502157670265,-2.829854952950672,10
0.10094375402203593,1.267804242551038,8
-2.932402759586247,0.9540259521605907,20
-0.6967677800410365,0.8692724702497118,10
-0.40997004966969514,1.0903445979445923,11
-0.2596265720950261,-1.3259022527475481,9
-0.2955523159479294,2.3541693782300657,6
0.9820192405681989,-2.0008471672400887,24
0.6586986657273635,2.4971789798163546,10
-0.0801566978312267,-2.6074780303401837,6
-2.641908131960805,0.7330334988616909,22
-3.1593396307029797,-0.8151624624641247,28
1.270800066272466,2.2971061503719894,18
-0.5029792456919979,-0.10163802839458502,82
-4.380301652284334,-0.5981572272454128,39
0.6941889824880888,2.6250793616396004,8
-0.5733325117658825,-0.1638738063495504,56
-2.9414190580443504,-1.5205717030318184,16
-1.161610817949012,-0.8641920403847843,16
0.3811809637434358,1.2416485798817578,32
-0.38665367258701927,0.7385487706017262,11
-2.4634039745366674,-1.8576299435417218,11
-2.352269234164577,0.6360055342839472,28
-1.24571167467208,0.5337805757325839,30
-0.2759668064034042,0.7379794184951609,9
-0.4906924328741191,0.27023388386563696,30
-2.028617964290524,-0.3587377320858245,49
-0.5447802713804015,0.45894502294126593,19
-0.3162696695077164,0.3523202100982172,25
-1.0686341694499162,1.0381057329737542,12
-1.02636255182855,-1.07452158001231,13
-2.027471390090148,-0.3537247279884228,74
0.04319865343538365,2.633207593137421,5
-1.9421715848339565,0.7224319105601087,21
1.1006148152374116,-2.213877529677961,15
-0.35562566769838466,1.2184684680127182,9
-3.292682470256432,0.795596360588606,35
-2.160528246353502,-0.9255917450493731,20
-0.8654523673405224,1.713112216457819,11
0.055231870528732796,-1.7165614479091964,5
-0.44265303351030544,0.9212325870860261,11
0.2926757711927966,1.0861743593799413,36
-0.8755350960910934,1.3057217274278714,13
0.25381958049933073,-1.647259049618949,8
-0.16388555778681035,-0.20659488085453565,25
-0.20921942273088523,2.112006415272619,7
0.18340468804269505,-2.1567294997600377,6
0.849125275341282,2.1071456734854332,11
1.4892669811037902,2.993844215214865,10
1.0565222568830948,2.424848228449571,8
-1.8489385387517419,0.9122918509702835,16
-2.7897762959151837,0.33857172466480856,70
1.4104615558703861,2.4689603293102467,23
-2.04738503391661,-0.5945883962138967,45
-1.5969181744879477,-1.0521671223117957,21
-0.1471798010855847,-1.1513433015715222,8
-1.1422972310163122,2.6705037492346255,7
-1.548602284931398,2.3254220065230897,9
-0.481331689894167,-1.6912578724321519,8
-1.7367271786991008,-0.8748653505860662,23
0.3215550853986109,-2.749308644917048,6
-0.6015803148178245,0.5303974988402193,19
0.038462079223693976,0.7910249217814036,6
0.8387747294625718,-2.0629973373934183,10
-3.142169085768031,-1.4743291821729245,15
0.0086668669197848,-2.2416067538696063,5
-0.4529093101607503,-1.3616626952005442,11
-1.4811494990699092,-0.6680309620683107,21
0.9967916772593024,2.2247530048017645,14
0.3850504229049969,-1.2666540457861677,22
-0.579123295864257,0.32922436183376913,22
1.5626545674468941,3.4471612592494765,12
0.7682888068457143,2.3208343927978103,12
-2.844829295641219,-0.5819075089628265,32
-2.9437619277703155,0.25331984320934375,97
0.2432138550779556,1.3341187422439518,11
-2.588003938477318,0.2954626605295987,47
0.7737520947550753,-2.9148912897815484,11
-1.4827695144803106,0.7403099314774363,23
-0.6632966249922967,-2.6871350296363232,8
-2.985679004565966,-1.7585081779147782,17
1.4908137728985882,-2.627929845511234,14
-1.8334359968343639,0.6331349970000206,33
-0.3416699970768713,0.5204153112797261,20
-3.0171425175210063,-1.293505104696427,22
-1.520040636045451,0.16391809921691647,92
-0.15186306775323488,1.2018677886487195,8
0.33219368182853065,-1.4637738526953246,10
-0.16143759758260362,-0.9071122669672851,8
-1.0943754551523517,-0.17452007210485398,96
-0.20032588501157345,0.1629393375989841,36
1.2885850592724768,2.2804390861714774,40
-3.0697819975285556,-0.3598169320036264,42
-0.10179344667633611,-0.5502117550265064,12
-4.608790940688255,-1.5356465084089295,21
0.5288884128847825,1.8208383960509498,9
-1.9442717109566625,1.0629057186235151,16
-0.40763173908118594,1.2181162381333133,12
0.5350011442041722,-2.13505552922138,9
-2.453522209862552,0.45561827540238675,39
1.9213301739639375,-3.1912203645064605,10
-0.9442983778345111,1.491688978505918,11
0.2895211976090254,1.850731571267979,8
-2.489332116243359,0.7503008896245706,25
0.15894154863476412,-1.6940691076482102,6
0.07860402816473977,0.590282568120728,15
2.0015810091578157,-2.851520093400188,35
0.497498513805006,-1.6277671347519318,13
-0.6607985520896071,1.223603904775618,10
-2.913797472597446,-0.4936872197793545,36
-0.22371683930370626,1.599918866859174,6
-0.3602125676625715,-1.1039788996023487,9
-0.057934990075668755,-0.16657151729496167,21
0.6999055897290964,2.0227042363760237,9
0.17780025381780384,-2.438715030070054,6
-0.05507063766768516,0.2558902054425273,13
-1.7265507931984465,0.33544392910892484,56
-1.2902812555489294,-0.49494623363469015,30
-1.0555959433724658,-0.5771022553368914,26
-2.4804579686770367,-0.23411577565730268,86
0.8122286368070861,-3.154235329722629,8
1.158993342823298,2.2259654827541393,18
-0.6972853254795973,0.8098566799285611,12
0.622505848120873,1.8586885991464444,13
-2.0042384646432767,0.9169250962629889,19
0.11194371267193548,-1.6011798507642874,8
-1.2300379179633438,-2.604698724777544,6
-0.8953060440131173,0.636462117254389,22
0.42428585374971617,1.6858171945858984,11
-1.1029223435235007,0.25577492130151813,27
-1.0878988939817353,-0.6239321451906579,19
-0.833372705387372,-0.487204336295767,27
-0.7779210041536422,1.1401845782938702,16
-2.327549220572857,1.0519826384630329,17
-0.4845706913817375,-1.766653708612614,8
-1.8770492870748998,0.463174245531069,38
0.009039110937242523,-1.557326452330434,6
0.1544437410476654,-1.6601361639310976,8
-0.2608274550106471,-1.0585353312880406,13
-0.125363912324575,-1.1210955710798625,7
-2.379230975424681,0.2097316074019573,86
-4.737525038214669,-0.34209342401141685,92
-0.48347860624203187,-1.927936813992078,8
-1.244427497375034,-0.8137103023158986,19
-2.1216396796140446,0.888317496868017,25
-0.5946301797773409,0.7952709131736684,13
-1.0802443025659316,1.2765921741359727,13
-2.0597816807164406,0.3163374093433906,63
-0.968032148737336,0.595420714219554,21
0.5670765450045128,-1.8828478821805827,12
-0.2848843532146581,2.5064985316695627,7
-0.19782368069960488,-1.7118008473417172,8
0.6649836352515891,-2.299063293385225,10
2.1537569979791593,-2.9812577990073685,42
-1.4366503752118143,-0.15955038438194147,96
-0.4979753061194978,-2.3074950019064198,8
-1.0269106859932666,-0.47282074092053816,27
1.4810651386311262,2.97472303542762,13
0.26567763320393256,-1.1085674699533878,14
-0.048815212162086064,-0.847070088970729,6
-2.9697388808070304,1.740601861689112,17
-1.052632654756274,1.0182781422697003,13
-0.5240318365277118,-0.22058002285086464,48
1.7497339024228966,-2.8674769995634604,17
1.1038142814903753,-2.462341526714942,16
-2.9219789036625725,-0.7988347324537004,38
-0.8526601546125422,-0.16376784910376763,90
0.07548375295173648,-1.2586676661630074,7
-0.28067037829383645,0.4651823153107497,11
-1.483071511125378,-0.4787009255177581,26
-0.12535427118009004,-0.881264736099792,8
-1.5959606117779173,-0.7608913336242362,19
-0.05345768553026037,0.7132846342429454,8
-0.824055949748213,1.939709564069241,8
-0.5680813535859339,1.8287325215525836,9
-0.7287781811285772,0.9998303328403233,15
-0.9362606451966813,-1.4791736181675088,10
-0.5758428545063285,-0.4270456061149046,25
0.4350651722797504,-1.4597894782594543,17
-0.0432272581959921,0.7155821298601772,7
0.652586761430078,2.782936029646198,8
0.22206755924063476,1.1127833649041314,11
-1.2700645248774984,-2.239312189565807,11
-2.8878156214603767,-0.25508325991067715,96
-0.790456094485037,-0.6790511411714554,24
-0.7799807072308895,-0.6138657280805903,24
0.316946112043208,-1.3191166753632437,11
-1.2810264197606551,-0.3875567330394626,33
-0.026285000991139285,-1.6045173887294557,6
-1.2367094980216164,-0.16055468857708854,91
-1.8291054115915721,-1.3655867911198705,16
0.11181767373222033,-1.0843741918313257,10
0.5779816462023163,-1.659991240241098,13
-2.6018641060244683,1.5627999198303069,18
2.5157852124557043,3.212814180234926,27
-0.8665314264824971,-1.1964994646814555,14
-2.80723068970645,1.0311131712968455,22
1.9621868840596102,2.83207392454994,34
-3.5976929546245424,0.6093395531423627,42
-2.0646460007859155,0.21592144982918882,57
-0.412242255115457,-0.5925933179323077,15
0.43161259025653487,-2.1084842531561385,7
-2.003040930879618,-1.2831847201199433,14
-1.291803427271402,0.9371718709774499,16
-1.6218632643983137,1.4472072408690786,11
-0.08501806807544908,-1.9426416347691533,4
0.5442959971782964,-1.7471477031796228,11
-0.3682919499166037,-1.382493893356636,8
1.0589270595891211,2.4276363977839877,13
-0.3820860545867808,-0.4392684161937461,21
-3.5099373578150717,0.3094475461438497,69
-0.7172864873349223,-2.057006764862584,8
-2.9250447549541154,1.6097216838173483,12
-1.4277396901551294,-0.7270274122311903,23
-0.6588029946330622,0.5166286290371608,20
2.1310864750088943,-3.469470151313182,13
0.45482723782826173,1.3636701941450893,25
-0.548136329340681,-1.5810757454501956,9
-2.985604281859505,0.5921881073755628,40
-0.5065658330985457,1.2332355645408426,12
-0.3100333784476045,1.4074565163298312,9
-1.3560803591421204,-0.6536740499196474,23
-0.18999783009253757,-2.8021908474531845,6
-0.7825495412877324,-0.5629791873552346,16
6.767849155453476E-4,-2.984546676899084,4
-1.6401546381982912,0.6298171267367083,31
-0.5141923276849558,-0.8754539375661561,14
-2.4133343983142175,-0.5347065126290336,41
1.377410760088923,-3.2041214616369595,8
-1.1829530378728699,-0.48368173061164177,25
-0.728459094287556,0.5842483786136383,20
-0.05133579034476617,0.8572061763696199,8
3.054809423366329,3.5258211311628584,37
-3.805616178134935,-1.148234944346295,27
0.6522538296747271,-3.3459784588273944,7
-0.5565538396266061,-0.21590277760536292,44
0.7067393743973578,-1.8075475179504368,14
-1.5804988481724331,-2.0526844792895735,10
-3.8148478406345836,0.850145035721277,31
-0.06153443205194639,-1.194846604946185,7
-0.7403229156682385,0.6093844709576047,18
0.19571917205653788,2.1671938909007853,8
-0.024828298502326263,-1.2394297809097765,6
-0.4159316872558525,2.176833177442235,9
-2.4707681738947107,-0.5086064476471237,50
0.11965277763538151,2.170710932447845,7
2.198115026254718,-3.314320098384913,11
-2.8796460073819508,-0.7377563006763543,29
-0.8557688651733236,-0.9574313603907184,9
-3.119401613058854,-0.5891260624795283,32
-0.2542388270886651,0.5336681869922613,15
-2.8612144458078674,0.5794999869593487,35
-0.7678059185774481,-1.443679451279665,10
-2.5723559521456183,-0.6996807388550363,34
-1.6205431936832853,-1.1842070507249058,15
1.6061114146674393,-2.5953203230570328,29
0.5098509013248217,2.575570968655809,8
-1.7042126034122729,0.6808841660873206,24
-0.7796193188430955,-0.33412044666443286,42
0.03453643091634447,-0.47722410040450375,9
-2.6719924581434826,-0.4443776568785962,61
1.2940771720747597,2.9038543847038802,10
-0.6570275455614443,-0.6041380311128028,19
0.4354741557884467,-1.6246441821345992,10
1.3042742357516075,-2.745820633560767,12
-0.020461917746011915,1.5972573472047213,6
-3.281829637191759,0.223444355221742,100
0.06904692584711514,-3.31333162712831,6
-3.079445816695081,0.9412056518877236,31
-2.965818057691382,-0.9221841704588984,24
-1.8291918867134729,0.41851579760605095,44
-0.8633258486213695,-0.8249671583307538,17
-1.2097994764388786,0.7699127583044865,18
-0.607394601976333,0.4543598395556582,21
-1.0573437425827577,-0.6353766536436258,22
-1.4651795124295175,0.7776545004884111,22
1.5432146263191266,-2.7356537144247053,12
-0.861749528632218,-0.9397611699007616,13
-0.06845593921725812,-0.3705098161061157,11
-1.6252770558637784,0.36156494750890955,50
0.9280603831594665,-2.179901424351585,13
-1.3515550477223526,-0.44924985995558764,28
-1.4594390442775529,1.6745543286060989,11
-0.4075144208360093,-1.1820917244997924,10
-0.6244736239243068,1.126446520816937,11
0.24867390589779292,2.91888904313556,7
0.4466096588604139,2.2563746104618123,6
-0.7760342355833438,1.2878886498376896,9
0.559781324312651,-1.788223207240743,12
0.8642844702772519,2.5887626752727106,10
0.6991142548685823,2.3793618624232944,11
1.7969709939666585,2.7311419008631157,12
-0.26283887464317335,-1.5693270017645453,7
-0.14248539057018425,-1.134649747854393,8
-2.809302512460827,-0.31197065412217717,51
-0.6362578038255495,-1.2033844959625466,14
-2.18867168593428,-1.7844106082090496,12
-2.644029284833312,-0.23818364726128705,92
0.15300830405942564,1.3028905315409265,10
-1.387341037131496,-0.988179878543446,24
-0.7086374506187283,-0.7859139711947835,15
-0.5335090835239771,-1.234348071471096,3
-1.1454683662624072,-2.326416407818723,8
2.1188495302700545,-3.6587863081510887,14
0.643555459632742,-2.0986345386594456,10
1.7164541351530884,-3.125067929323317,10
0.735731941345334,2.605682374275395,8
-4.1003236972744395,-0.8569875113636787,33
0.9915247752289271,2.19939173052666,13
-1.4535619634758876,-0.6349523440190508,23
0.7526012642234148,-1.962909323909972,12
-1.027873721286038,-1.5403984900366403,9
-1.8412374431645318,-0.4825818444228269,39
-4.119960854909328,0.5623598967516976,48
-2.4339843761491053,0.5479836342417239,37
-1.0579791283119502,-1.6349897394745467,10
-1.6606259483320935,-2.087122185815402,12
-0.4732451385975002,-0.2979248202990492,34
-1.718149584554667,0.7163302064424955,29
-0.8493670323788154,0.5194928133801493,20
-0.7756397683719329,1.6497037102338679,9
1.097699980650462,2.1393020006939825,22
0.18295628849665246,-1.1075724929897997,10
-0.5205916872646275,-0.7050066566942148,12
-1.884644628124713,-1.2391809622696441,17
-0.7795367549144897,-1.6390809522570147,8
-1.467485296401224,1.7848531234483533,13
-1.4603855016274843,0.9912001017401565,16
-2.0005767265997827,-0.1945392222583493,96
-1.1795216997911306,1.4031636553785176,8
-1.53155243342493,-0.6697433889671258,20
-0.01206470968338702,1.301205606744883,6
-0.4615323814602193,1.8055095508802077,9
-1.4700840298034052,1.714128376881371,13
-3.2385801410566444,-0.7915108536874562,35
1.2548659293008253,2.500604931405214,12
-1.8376296654290925,-1.5345604182419548,14
0.21123764259345865,1.1130255385638999,11
-1.3327121740600516,-0.6501113945370509,24
-1.3187520984400987,0.41392962297516567,42
-1.8753134169924648,0.39282387160575394,50
0.3685345919320599,1.3967265593181586,12
-2.5232193555255,-1.1282238473650121,16
0.8307272226492661,-2.745437049485589,10
-2.189355016498575,0.9007819694299162,20
0.26533480403989296,-1.928914866591557,7
-1.0404825898534127,0.7809231947231217,17
0.40060692180866364,-1.7693555936085,11
-0.936487959117224,1.72667937170775,11
-0.39380526112785796,-0.8503257816326604,11
1.1368407426574545,-2.4020046947148557,11
1.488389840963418,-2.9692037842027688,13
0.3299987461245645,-2.437816092719346,7
0.3736693034939427,1.8753600060828846,8
-1.718299023258747,-1.381153062785499,13
-1.0827511839238841,-1.6291508767592322,12
-0.5496996829210029,1.372246425288789,9
-0.932514828813371,1.2973237098258874,14
0.08229437703269715,2.9096718471315213,7
-1.146575234713601,-2.476837222822397,8
-0.48855406427104625,0.1479205762531074,54
-1.5605932838262053,1.0894421187717889,16
-0.8348376306483777,-0.5722478256152955,24
-2.557429483410168,0.22241010842991127,80
0.4663395501562658,-1.3758063380151633,29
0.09172884481736748,-1.9460302666323186,7
0.19989024912122505,1.4482552058260745,8
-1.7386666115342937,-1.2835831772720778,12
-0.5291668167740846,2.0195117435473526,7
-0.6579386318749991,0.5381128485819627,11
0.5283251181786885,1.5798373709522457,17
2.084711719028395,-2.91015990798595,28
-1.6600042982607617,1.1592138344947267,18
-1.2285974645174902,1.3032624235219648,12
0.07108404910875671,1.0609782247941468,9
-0.10728659554043746,-0.17831794644891297,24
1.598224442293989,-3.0727037264028443,13
0.17623006138017194,-2.633425441461457,6
0.25070178707659263,1.4394438538155134,10
1.6916652600324371,-2.7190627119684816,16
-1.7726833895625704,-0.5710211767003472,32
-1.034927589193535,-0.5742121333043338,27
0.6010248470275728,1.9729438289190142,11
0.20131449901222087,1.5050104215629774,6
-1.6374466582134461,0.3265136650997311,54
0.6384273945179106,-2.918092354771221,8
-0.7506121780452991,-1.2753776482656816,9
0.09945880170564658,0.7822629222827452,10
-0.8186331349418126,2.633575978597998,7
-3.4735603915144067,1.1326428394746213,25
-3.987994207964685,0.3504873885835835,71
-0.6462539506886438,1.0108618637760258,14
-0.016930045505688995,0.8900608908369901,6
-2.007211428206512,0.7665729130309129,20
1.2460326060163132,2.4859984425470545,16
-2.443287981056998,0.8679995958006796,20
-2.4769042744298497,2.0171150267194564,11
-0.24951159955345292,-0.10421653263368102,52
-2.2641958492874594,-0.8757770868811534,25
-1.0967320719919924,-2.1354085588835385,9
0.3782940343886605,1.525112324645356,11
-1.0195737586923361,0.954028017427106,16
-0.19958878946883546,-1.006406796504196,8
1.4770503603770775,2.893440842526781,11
0.7933767001110228,2.029798223101115,11
0.0013733968156230958,-1.5560172389018128,5
-3.5497294987473786,1.0954186307207436,21
-1.5046582066055252,1.3235419913952797,17
0.34495162150511166,1.4934141396170748,12
0.14099958716235006,-1.7964462000268875,8
0.10844529972420858,-1.7091478404529363,6
0.42598300641845854,1.6559851116794975,10
1.4875982334988054,2.6659978701198237,12
-0.20682091360079924,-1.6049756567180598,9
-1.4081079041289413,-1.402321107543259,15
-0.08818474136971874,0.7676614154462293,10
0.8963988042704499,1.8946196594500986,73
1.2682957144192437,2.6430117026961377,12
-2.4199094723031673,0.4777657755191127,43
0.09263034074260107,-1.4343173627441548,6
-0.7906345994297204,-1.0752232637106331,12
0.2605876611790301,-2.332933804100299,8
-1.6699812178240847,-0.1799039704383505,68
-2.0660690261285675,1.0913986687042865,17
-0.4794093579210207,-1.2184385708116736,12
0.10002729212323552,2.0012557205916948,7
-1.8863253869254577,0.9060202837920205,17
-1.0246154081434615,-0.589756745903768,21
0.04363710517369137,1.208200150031003,5
-0.55196737626033,1.0323153915873167,13
2.187559589226937,3.5255614348721704,11
-1.0650617177932806,0.9960536044225283,17
-0.8470321990938037,0.36152699309314873,30
-0.7710298961394947,-1.4750527530732653,9
-0.9094861951474276,-1.1320380463804036,7
A inverse
determinant
trace
-0.7350720579843051,-0.2608497973680233,53
-4.577828002138274,-9.618130188705788,8
1.9401202652160168,3.1814501984188372,9
-0.6352101988770962,0.9288000944254022,10
-0.3876548032770892,-0.2865265680886526,29
8.679808298941744,-11.049449315470254,7
1.8718490650965205,-3.323056136534272,12
0.7856087485626764,1.7864600433148279,31
-1.0273188622392981,1.0824552666925973,15
13.414113929585683,-14.950949378132204,6
-4.435837179778552,-6.758474586959303,9
4.730675835153243,9.90269955544693,8
-3.1465338926483097,-5.086921872570282,10
-1.05547514237387,-1.99324171391422,8
-32.39386229633917,71.46107504728957,7
-0.5710128318418831,-0.3923261080921576,19
-5.945932170915304,10.786097426545465,7
-0.5288797942200244,-0.8606635455497418,11
-0.6889104958629613,0.7371395371548718,18
-1.5659565139112994,2.23797293054933,9
-5.3799630607205415,-5.806052977833178,9
-0.28022879818783153,-0.3312598367003982,23
0.4031069670593355,-1.2744052945285191,37
-0.8098595461262406,0.12026543332384976,81
-1.4380671134460592,-1.5842837224653081,12
-0.31594062409984275,0.36481413282534103,16
-0.5670635311886579,0.3293626182631606,36
-0.9092250383015165,1.0784930826762689,15
0.8149662227862836,2.4191720660657023,9
-0.5893027317188221,0.28125071190546125,40
-76.54406019278782,-21.3047508942867,10
-1.422906549287798,0.8558879096700701,17
-3.177010712462105,6.122245052230498,9
-2.221214952877467,2.3459462121837644,11
-1.3360329659668913,1.0772285636899754,16
-0.23765418533845983,-0.11388804460398128,42
-2.203700301709388,3.8979065183318014,9
0.41297491746246673,1.387837505989869,13
-2.766085250087155,3.1980782563362107,11
0.8194827190192332,-1.884262481538582,19
2.2355902419834464,4.572848037327091,10
-0.3881175392040065,0.09523474133988241,66
-1.0520077083493873,0.834308519410288,23
-0.812005452425313,1.701900845079039,11
-0.47396396348625436,0.6402241288904993,16
0.9748868886625772,2.2266266133086345,11
-11.914229155372189,-7.090030993405117,10
3.7211461699649875,-5.860869578542178,9
-75.56202422692596,132.35658299688498,7
-1.2580466432933344,1.268655499127736,17
-0.8925647300316394,0.9472249777800036,20
-2.005027477793691,2.172187104884018,12
-1.2030264044106531,0.5522074837325176,24
-2.3471966427360003,-4.888722820302203,8
-0.5264772586704823,-0.13491944515601673,40
-1.3967777728175135,0.8383636057638089,22
0.4978372430847712,-1.5257512558246744,12
-0.7015116273471456,-0.12890280680497768,62
-0.5676588560392579,-0.851665601333666,14
-0.7992817001315558,0.5745074056445955,23
-0.8614370129495491,1.2308563810321063,11
-17.869699855547083,30.296504351542904,6
-2.32618464507621,4.600164531444871,9
-0.555019285291337,0.5501028315747828,17
-1.2533068622638444,-0.6850704185524947,14
3.0098274017826228,4.0446370171833745,14
1.221779050946041,2.6246274913093273,11
8.564011156117871,10.484559429581745,9
-0.5620041029158092,-0.8391885908763532,12
-0.2510209399539951,0.17737449039007253,39
-9.905900306223657,19.02106058596094,8
1.4718789946188822,-2.978278256922878,12
3.5250439914229585,3.837597975838042,26
70.32924090993079,199.55880345652477,6
-2.2773122768421605,1.0227268405642367,21
1.5274607325840002,-3.2385021099438784,11
-0.485463890326854,-0.25899280318360884,37
-3.9818758978883584,-5.827478511847234,9
-2.2025978669610997,3.102802700384345,10
0.9920853044960867,2.031043349157649,22
-8.340507915252088,-13.82910151704167,8
3.3169401781074033,-3.6598601604398007,41
-4.110606700282465,-0.6526462788825556,41
-1.8228539890199589,0.8767430698055043,25
1.68694638128868,-5.089641152220965,9
-0.7171466956207372,0.34585444311591296,28
-0.6928066043061194,0.2056852031330877,59
1.62117899983738,5.938187699197118,7
-3.0518997143936866,-4.4253765794276,9
-1.0229076902014307,-0.5417342533556626,25
-0.48711273718082326,-0.8571122968866167,11
2.4716567070494797,3.7810907574280037,12
-0.6503023598302615,-1.0712189716788394,11
-1.133817906688475,0.8417666280177061,19
-0.43983594322001796,0.11716514724886906,80
-0.5191033510618653,0.6393604538144739,18
-1.590529675652551,-1.1159331548625815,23
-0.7869845758562564,0.46741506407544164,31
-1.3819690176121064,4.055602548098018,9
5.001442556731452,-8.627420380489006,9
-0.31272023124418324,0.21487472815775438,28
0.8130557948283201,2.1163708755601225,12
-1.156747128734241,-0.5039343156289091,29
-0.5474464035709463,-0.5631966940594405,16
0.8843696637916318,-3.2516007767212955,7
2.50439204508558,4.190646340614834,10
-0.48690121155150656,0.09626061359760096,94
1.7373520390877248,-4.089221783527894,8
0.4063111828629541,1.2969817343988073,24
-0.9292088847389827,0.5496260434335178,22
-0.44424143587789555,0.3781617719526358,24
-0.4071423053787373,-0.40367370127660435,18
-0.20963509845867437,-0.07855665283001645,73
-1.1285937456995103,-2.6797446664785873,8
-0.19318746978308282,-0.15369441443838222,35
0.4556161335272595,1.6831333401068278,11
-3.0189287241281066,8.35357314179117,8
-0.33858057695186183,0.09154398751023307,85
2.1368046681578,-3.2038333796691645,14
-1.0865902120631485,-1.143133649154741,20
-6.576380848746852,0.4568591981922139,68
-1.289524567320422,-2.3796132526549876,10
-0.3778108942458516,0.5758873036060548,20
-0.42669637091196355,-0.21170426803196318,35
1.398766567824681,-2.909465045411554,10
-0.48260443216384646,0.5001093235592436,19
0.47350581677351156,1.5053800503202326,13
4.54958360767494,5.871911932679227,11
6.769578515692251,-10.630596332745194,7
-0.5884126601130426,-0.47670875239984745,17
29.49279977060186,-14.976144833309082,11
2.6610438151846996,4.548720344766041,10
-5.3373597544534634,1.872148409233441,20
-3.4185557085798104,3.7791135454254383,9
5.302933781796367,-7.207730310074044,8
1.2873552535731172,2.6916152288149497,11
-1.7559565473632963,1.9978114998542127,11
1.059296474187252,-2.517290055681509,14
-0.7804484050220504,-0.8118525244405809,17
-0.4531662674173744,-0.21409158887852864,33
-0.28907244720261044,0.06942852701272151,83
-1.985351978719315,-0.5757486982602773,34
0.35008694588623207,-1.2502538762073294,15
-0.7868111838755243,-1.1526262960675253,13
-0.2353307970274852,0.08539227128203009,57
0.6275762278458462,-1.6107244785025077,28
-0.3115015842677613,0.16758462562930465,48
-0.9144417994075674,0.49403590079490334,24
-3.273697475744379,-1.5568719940789535,16
0.2461039641718937,0.9921773337077212,3
-1.8709284358567773,1.2659784744134488,11
-1.0452054299917992,1.5749198497941483,10
0.7418808382321654,-1.966675101913114,16
-0.25035381385172906,0.16518104168476705,41
-1.8398926723572753,2.339702472505955,12
-3.8951818852362834,-0.9181444057833801,32
2.103810871851921,-3.9132261485244815,11
-2.0084523166013826,0.43345192537694177,52
-0.2624186880429368,-0.2708539201198249,20
-4.181665072960009,7.830873133381567,9
-0.3594730001733917,-0.23306273002630634,27
0.6513961428347115,-1.7427006854142308,16
-1.245605842350729,-1.3012949008944794,11
-2.242014286496997,-0.3920877806917624,51
-0.35863812167083814,0.19882219532049084,50
-1.0196825629709034,-0.5182676870352564,28
-0.5315434551604858,1.3600373749843269,12
-3.15013169170278,2.323190961241357,9
1.228637449311335,2.8264586685854343,12
-0.22763402321227147,0.20278881899470658,33
-0.369952248752319,-0.4510316573318378,16
-1.537351587141893,-1.3924710690297961,16
-0.3769643806285052,-0.1560756577155904,64
-1.1727461113663142,-2.086088589908572,11
-0.4672758767229869,-0.13213064303562583,52
-1.3939685213886188,1.980574450179614,13
3.9419604008182993,4.526994619118993,14
-4.0733861053785185,3.7375479162912,10
-3.677346210008745,3.372740449773236,12
1.4253925322985983,-2.88558100764663,10
-0.4895356193932358,0.21115267732906673,30
21.41551597488455,10.474969823673291,11
-1.1934118959528144,0.6406947646618292,26
-0.5355228865196608,-0.41257236446395285,22
-0.5979126560265944,0.11312985937906872,85
-2.6258214576602206,-1.9907196196040018,13
-0.8427407210793446,-1.526646902532973,10
-1.239405550633015,-2.2276814871886956,10
-1.7739501806513736,0.8892766904201163,22
5.023748704690871,16.606094088649346,6
17.963366196745852,9.924214203888226,14
-2.0001223562680135,4.054460287763244,7
0.3332911672431256,-1.1799316121624313,24
-0.2898281912698364,-0.14931821827845382,50
12.391644719621228,17.242342625869846,7
-1.0030802820352307,-2.2637415834643364,11
-0.9743998999024384,-1.6464438837277817,11
-0.8944493361817861,-1.081081725050817,15
-0.4252124366924066,-0.6979770859523371,14
-4.561077950899224,8.135248680071301,7
-0.39930306983850844,0.16692070531293568,54
-0.4544412878274177,1.0016931393986717,9
-0.45053479301901445,0.5142983146771889,18
-0.46868966878753193,0.3931947378001399,20
-0.8766556549148797,0.27338767713737155,35
-0.5778028914021643,-0.6148730912223663,22
-0.6083266386759211,0.5435224890368788,27
2.322025851567649,3.2906951232464174,18
-0.7812497418460028,0.2968682931363076,44
-1.0928187528941475,-0.8112944327690012,13
-0.540283209074232,0.24059679561738168,40
0.7099324340218799,-1.734530219796477,10
-0.28914019340956304,0.2064310221769735,31
-1.3527250568880427,-0.7798542303467397,20
-0.7426426835607833,1.1013762748392413,14
-0.6496222685182697,0.43396123082596527,29
-2.261270857554887,-3.674158282253238,12
-2.234348296160444,2.179884954039748,10
-0.8135756113047211,-0.405096052882424,29
-11.433671791439798,7.710948365429983,9
2.392062442731195,3.64038831146086,12
1.3072195396532647,4.349293009479878,9
-1.241703188435082,-0.7736116130730459,22
-84.30394468857638,-163.02886676593315,6
0.869255228433993,-3.064583471117766,7
2.5569296042713985,-3.3486861614357655,21
-0.9987046054221771,-0.33901194331242124,33
-1.188280902063892,-1.8171296490459623,12
1.052141877299709,2.2138957894301092,14
-0.971184390601226,1.1073826683869594,12
-39.38176048400401,58.31377251645766,7
-0.5829873427573681,-0.1616048576497917,47
-1.1745807193805877,0.1820329448783672,75
-1.1714510210788576,0.7995467629976822,11
1.0344810451912259,-2.2641965816499487,9
-0.7605053863532283,0.9808467232682323,15
-1.6287447684073157,0.9288369518017198,17
-0.21256279946527618,-0.06806380023976794,73
-0.6819828258491756,0.2106249546735922,53
2.4626831406688585,3.6060703539207237,13
-0.3600045901935786,0.3019529600458775,24
-0.46071916315428973,-0.32930373869807894,24
-1.41848853360119,-1.0491624482081052,10
-0.8135988255920948,0.4288419098005346,31
-7.206113113044035,-5.6885450061677645,8
-0.5162786398605905,0.12192085384512907,53
-16.033196817551932,-27.640691818622493,7
-0.506428822605838,-0.4733191158607525,20
-0.3455449643972078,-0.5783473185766987,12
-0.28484136436971086,-0.11537788732025867,63
-1.5526402387931655,-1.1819772090433611,15
-0.4826368876844297,-0.268416916665447,24
0.529640218277395,-1.6769567716021554,13
-0.5315659358508456,-0.6867570955789677,17
-2.2312255383944595,-3.397238659099108,10
1.8174203956988222,-4.614284189070453,7
-1.2317961683045482,-1.358657638161743,14
-0.6806808900441179,0.9895722111409517,13
0.5851819107126227,-1.5741293263549558,15
-4.536076382920325,-6.696593815604677,9
-0.7086155038810341,-1.8181402891398184,10
-88.19380077278859,150.27287394327308,6
-0.4373761255340346,-0.2193259421511885,45
1.8467853988442178,-5.76992921210832,7
-0.893827801761817,-0.7458329820356892,18
-2.3919007809374504,0.7791577533781067,18
-1.35324131366723,3.600759555549283,9
-0.3520320098825966,-0.17209475619593262,25
-3.7079319811610327,2.9888160711767,13
0.5955634210644555,1.596036066121703,20
-1.0747659250600679,1.4572690872916798,12
3.2582429121161463,-4.915400771548748,10
0.45061686469661344,-1.5246050797456698,12
-1.5221218397924976,-1.6446530919393185,14
-0.40260078754172784,-0.6100132156298418,17
-1.1622522411579745,0.7513223540179069,22
-3.3797379534022953,-3.7670759449300744,11
-0.8069990368860747,0.7325303563245424,20
0.978654279150882,-2.4713809113485548,11
-0.8722497044778974,0.8823430616692136,19
-0.5976800410534503,-0.8396666981580188,16
-0.3223040036050384,-0.09463004290102928,62
-0.9951302569659595,-0.1266238426999905,94
0.7141510073163635,1.937401812486762,13
0.3546717582343332,1.2382394105549315,16
1.1302825375164292,-2.8592217160662265,10
-1.181109652347965,-0.4052685432201474,39
-0.9870270361160767,-0.9152767972340938,18
2.4562875605884322,4.2141760155284445,10
-56.6040283602695,-123.69209233821657,6
-7.870212725533912,13.802856982865537,8
-1.4818736622923154,3.1085682004903386,8
-0.42685982149826124,0.10499913679590545,52
-3.154612558955966,-3.0137339599823667,11
-4.0630704932324,9.29783850402596,8
-2.346428348346808,1.4322112111321825,14
-9.288991478535054,6.4301111599419105,8
-0.4023419174214181,0.3744824166907064,22
-0.28589206124446054,-0.41816452340181987,15
1.007810820082113,-2.711061557302201,11
-2.642932944254552,1.8402421321318427,13
-1.143766194499687,1.2859078522790934,15
-0.3346156720737572,0.2478062938322601,26
0.7280750390849029,-2.467587024863342,8
-1.1344332729043414,0.9885197061257095,14
-1.3723887861230921,2.4801791759864327,10
-0.6096316736776536,-1.072311480839179,13
1.6510381691843061,-2.957801451402974,13
67.41058628043358,-149.6338013363391,6
6.414043255501059,9.863067612678279,9
-0.9451048414441252,-1.9437633425979628,9
-0.6340709378804891,-0.44671826448681984,26
1.0375353910362557,2.880093259590219,8
-9.901096169065786,-17.528879411180668,7
-1.2975464151246014,-0.5850312852335858,23
4.059587832989537,4.105156172719957,32
0.8519775866472522,1.9419139619982264,15
17.59314001536545,46.451400181232316,7
-2.9570192730051468,-2.8562435879188537,10
1.1075997120628425,-2.2885726194187477,14
-1.2674443916690497,-0.8119184966406221,20
-1.275532628170238,-0.6253856479427015,20
-1.226807709083402,-1.7633333043413004,11
1.060298063808462,3.1279895311860137,9
-6.098425557991676,-10.638870683215085,7
1.1094918132695544,-2.865638360972209,10
-0.3297599163836636,-0.18187162159517067,37
-4.042361424762856,-3.529240089669394,11
-0.3999002952010416,-0.482842711981701,14
-0.555036714092923,0.14144360231398712,72
-1.9953943428679815,3.2047583093234784,9
-1.0822977068847446,-0.48042042458811207,27
0.8720549578344114,1.9178122131204178,17
-4.286199580139729,4.3436368836130494,11
0.4242129475055003,-1.5607709824973202,13
-0.9086207700340589,0.2654762417088484,30
0.5702645770902801,-1.6192055066992062,14
-4.557410226299641,2.694037689808635,12
11.011138277604479,-14.414508463746161,8
1.3144629121615166,3.9812834146952394,10
-0.5385613669741603,0.43096083347590786,20
-0.5433963884710126,-0.9939098267531232,12
-2.1223999776358946,3.7460234727830932,8
-20.963350400987633,14.865400929667372,8
0.3954712060834786,-1.3413655175775145,19
-0.8096246553396766,-0.5899465497878285,23
-0.23479465013020367,-0.09587687150337043,55
-0.46908952768881457,1.2097896455064925,12
-1.2911102773099725,-0.26076320279315657,52
-0.30427678933808405,-0.328541360765442,24
-3.4353197147531884,-3.1470022619051425,12
-1.371857545459823,1.3111727603875027,17
3.326414615915409,7.017426297515633,7
-1.1687167945589845,-0.5384318262773107,19
0.8122579705635649,2.1877587281087933,11
10.255950890983893,-34.74129445086583,7
-7.719692380230763,16.63788481416838,8
-6.238158014755077,-0.5269226548063135,69
-1.3289924192767102,0.7516491550203034,25
-1.5854855307433353,-1.9710472434718007,10
1.6345169177423708,-3.1213705857464045,12
-5.856749142964361,-6.404945204700432,9
-3.3656061475261683,1.0461520094145873,13
-1.5133615105664266,-2.3874192041725024,12
-1.8021577179211572,2.981084618130082,10
-1.0263201881677528,1.2520906646550758,12
10.630976577423537,-23.683845839376183,6
-0.9237024747415363,2.068271241967739,10
-1.1005650974850207,-0.42621123652570936,26
0.28185961173202917,-1.072046941240315,25
-8.20953804669567,2.0693051033401866,21
-0.34848017392045844,-0.15246300687101555,51
1.3737678052187254,2.8041697627118487,9
-1.1184358572479094,-2.42115776688615,8
2.9577759494797187,-5.225919083027897,10
-0.6358606910463153,-0.6047864194040825,23
-0.42975456035674486,0.1283182570035829,73
10.322919919188896,7.757189512731717,12
0.4591807059440713,1.358172028912242,40
-1.325311259733482,1.0311289837857691,15
-2.4129247046454085,-2.4257966178734063,9
-0.5010381590253877,-0.3734129255803179,22
1.977482607171777,-4.160516236583856,10
-112.75820827703068,-207.0737213310239,6
-0.5145716620189638,0.4147816845545841,24
-0.39795387625538126,0.31991184895286634,25
-2.1434300489872964,-3.567686853425184,11
10.750759422434466,-16.865453297484006,8
-0.8737268337369154,0.7156604771292904,18
7.161955609939132,11.377255324161865,10
-0.2837960588239841,0.10719346301650279,56
-0.5075420481232698,-0.8920761757173188,11
-7.457931599206577,-7.206940727495388,10
-0.7894732473253657,-2.109908481353174,8
-0.7263132933141618,-0.5036183501788557,27
2.475612867914821,4.052919981901272,8
-1.1738623060417377,-1.530192016515001,10
-4.484121936959339,-8.009313365079716,7
-1.636163619539115,-3.1993251713860693,9
-0.39922413972017745,-0.3465074199951674,26
1.6023739002852966,-2.6392226518916053,18
1.878369530732117,3.630615983457749,9
-2.3761796969101936,-0.7876530387848018,34
-0.7674212328788387,-1.2195811518691617,13
0.6321993027429825,1.7821693620671537,15
-0.5777578808172803,-0.6733026424554693,13
-0.6773404686170468,0.6917273379566127,15
-0.5385720160852724,-0.35383180750749355,23
-0.9115155261753001,3.027276793233595,11
0.39778679157640046,1.2722904616736155,17
-0.8736658729690273,1.2499533439994461,11
-0.5971431472824497,-0.420354832011673,25
-2.2788283791081905,1.142512623842526,22
2.593905472839829,4.015671924394394,12
-0.4390435890924603,0.2571215158262008,30
8.048336880007888,9.581850629691205,10
0.6830213934043061,2.4178247731989835,8
-0.4562093981934055,-0.2157665949000689,45
-0.5272341664025458,0.3133208005868182,32
4.328107312487575,7.740110798857079,7
-0.2871362526314196,0.11895573307282814,39
-0.9673982833131971,0.9138583780949837,9
-0.5416342368960734,0.39197001390536457,30
1.7178074373907675,4.167099781779685,10
-1.2968308377270286,-1.1928145582746672,16
-3.5664891730989767,1.0593855488006874,23
0.7489900640934866,-2.7252631811630743,8
20.098172574226513,-12.041335687181132,11
-0.5609278995620531,0.4367176439139808,19
-3.396869316102854,-1.2876965597043908,24
15.193172779664723,23.38944990981461,8
-4.071155199540642,5.75483576831867,9
-2.8396005935021282,-1.9105224355777084,14
-1.1270148105239528,1.6470288547369534,10
1.5103094778078812,-4.415766930030613,8
2.071615611492011,-5.297305425613909,8
-0.5607463314478264,-0.25657878212632024,30
-0.8018898602071606,0.38510940488382606,31
0.811283246815191,-2.6422390401093625,8
1.2890964538583995,3.0253665775766803,12
-0.51635794478625,-0.36266388315600917,34
-5.516112648675331,-6.516048765510567,9
0.4155161047224025,1.510937567493223,13
-0.21621187720074586,-0.14295076014225444,33
-0.4611261136434704,0.2496946906716475,36
-1.6583219481245637,-0.6700919797947884,25
-1.1895198612054054,2.1886602825913606,12
-1.8211240243141775,0.20614427775154853,62
-1.98455561727163,2.1160307192251766,10
-0.5704549563597715,0.6439452424264294,13
-1.219095681970523,-2.7826716106716187,11
-0.37351364303643764,-0.38711164862893416,24
-0.8836011224187719,0.16602624645063302,72
6.678800562948799,-8.117686988802598,8
-1.03890098380426,1.1942716324957543,16
1.0513336894932261,-3.6479028473720994,9
-1.1729603379811988,-0.3606751077385125,42
-1.1767798580978674,0.42431332249631326,30
-0.7009853041440199,-0.48665408293160384,20
-0.6485123010094617,-1.8546797905908037,10
-0.5929011668109594,-0.5470705836132336,18
-0.36910433851234603,-0.14918047271843893,53
-0.5036289632058175,-0.35413238728612306,20
-1.3677991278991746,-0.9352522839297732,16
-1.3304855631713524,1.676916514475182,13
1.420821546015513,2.9756232918836054,11
-0.4224732074108797,-0.23285600907696424,42
-0.31232627944238,-0.15826576563578243,39
0.46554047879158666,-1.4646167073547898,12
-0.30461029027318315,-0.44804352269009534,16
1.604173156708252,-4.472947056382737,9
-1.3186617639664706,0.856638369786506,24
-8.080194875283357,4.392442775661446,12
-2.644327737812887,5.13256804322116,8
2.836749577665114,9.051306007511092,8
1.2645145078931244,-2.73106377109882,14
-1.9246240239634484,-2.3145402979665546,12
0.5137884905946982,1.570872907602421,17
1.900868409221387,5.614380484645345,8
-9.099298822962771,-1.434171637149933,27
1.7649496265838944,-5.6060501165459256,9
-0.5273895231772167,-1.249945239077583,12
87.57030214358616,60.299212307960204,8
-0.8609315159017209,-0.9798617201173984,13
10.641424379383093,-18.745204791086874,5
2.0827618799350316,3.4133505974425824,12
-1.386959924488241,-0.7822276887149412,18
-1.0331438389691583,1.617917126962649,12
-0.5397486440146905,-0.17781606837346575,59
-0.6766235484244143,0.80465033916308,12
0.4322098618353021,1.489399067654039,16
4.818178361019719,7.451112455564085,8
-2.2610533684685534,-2.5957824449140445,10
-1.7679460684988537,-0.8406170063741929,19
1.1118835906828617,-2.8178464564136245,12
7.38399319905002,10.351291742376642,9
-0.727436805468736,2.1164726850167708,11
-0.3337335259313928,0.1778124638987909,33
-4.135074414935927,-3.4618270073231887,12
13.47295679464981,29.404528017328243,7
-0.4254680077626628,-0.31073192819145834,25
-0.3925146709147474,-0.4794509779408339,22
-4.709480754740463,-5.328016600045929,9
-1.0678593925105966,2.081305115307438,11
-0.281052856316701,-0.0933777696932993,67
0.3596475839395351,1.2735278890657131,13
-0.2526028906978883,-0.34008690998647284,22
-0.3558682130817305,0.20238423416058593,30
-1.6858294460318495,0.3393152306581999,44
3.9937381011805133,-7.092898982811057,9
-1.7644092377488283,-3.9788697164964932,8
-1.932648879833296,0.7219531410761775,28
-0.40017350945933816,-0.4338163444946741,19
73.51793731847992,-61.54634936270168,7
4.789770792113195,4.849741806547191,17
-0.5892991692138083,0.4883402723945255,25
-1.6739323413564553,-2.0130787857118992,11
-14.071000749935301,2.237308542178446,27
1.0509097181046096,3.574497841514389,7
0.9266696439991452,1.989332470132384,22
-1.2594036892853397,-0.47974529784060294,28
0.7172040995923186,-1.874282459914809,13
0.45572780852326744,1.3817648999800962,25
-1.1342568506733621,0.4817873424493896,35
-0.6309036962678957,0.43016354165444326,27
-0.17493499917000419,0.06188898875158211,74
-0.3437819026810548,0.2850879210960667,29
-1.8664714714383024,2.638353225402602,12
13.007525873139874,-31.039541021201657,7
-5.595076441848607,-5.02128900234755,10
-0.6223650453456643,0.19006341273757943,43
-0.6177758641558191,0.4290189300482643,20
-0.32400064520060795,0.5175203651974623,15
-0.9434902024979437,0.9026434025298056,14
0.6382090219311867,-1.6500168418542893,18
2.5874971218865377,-4.659318633438393,10
0.6708314494022111,-1.6836644193884864,24
-0.613636957889945,0.6564983611133156,19
-0.4268513185690354,0.5594654069784057,16
-1.379430446960082,1.3956893673796231,15
-0.29578377303546866,-0.22229921960560772,34
-0.7124616959278185,-0.326147409120241,35
-0.5531331975821256,0.5634086866961311,18
-1.4226712069814695,1.4637293333052472,11
-0.6313784867591131,0.7226234641943602,12
2.0121537606056874,5.607072400212442,7
3.9212216546707497,-4.121245945187838,17
-0.25412672563720745,-0.1315695806764579,53
-0.27932888806254574,0.3150504770812103,20
2.1411067400574946,2.946059500376159,34
-0.8851017475029247,-1.3545301754345456,12
0.38275665147275517,-1.2807544499450465,28
2.189176816144499,-3.0986434246980714,16
-0.9834520710359481,-0.24926168245782898,43
-0.7147663925907941,-0.4485917964800956,29
6.944962559109685,8.325279770088356,9
-1.419239701375329,-2.2785357573360323,11
-18.15647153194425,-28.720803796285594,7
-1.3667560886383041,3.3037347481432007,8
3.51150070600092,-8.891734532012624,8
-3.7746202855487403,1.8569253914139647,15
-11.616534155142936,-5.946697960499233,12
-0.894555888670155,0.5108810064075214,19
2.9188741492047328,-3.8467186367648134,17
-1.5705898501010251,-2.441607105383821,10
1.3112182193860402,-3.710557372528746,7
9.906518923819352,12.559526720530318,7
-0.3410135249541933,-0.32533575284406363,28
-1.4351835342752703,-1.2475655361011762,19
-2.4392182384144516,-2.659588429463122,10
-3.8516850191869882,5.106957843814011,9
-3.383494227822128,-7.965318502557036,8
1.0182997195233394,-2.0374621092096508,35
1.5181454460821275,3.7910808962602123,7
-12.475563776933988,32.52975846446318,7
-0.3785044973346299,-0.27745647601608925,35
-0.31651704622787047,0.25801281481498206,28
0.7869115175763717,1.8076192868232392,30
-1.9881768642113802,0.20207437657817318,82
-0.22830498561597745,0.13656227716235697,46
1.4405304813299449,3.7815068363519986,9
-1.7442504719344674,0.2858369640629008,55
-0.3399758266709136,0.5169576217506414,17
-0.8608876375400921,0.7439722440278088,19
2.6230546971342603,3.2569121396489287,39
-2.5863006961024397,-1.9101091995128459,15
-0.4059450314200025,0.7540956457977817,16
-0.4251173733144164,-0.2703770021482236,34
-0.8027541115174791,-0.42849455181749885,24
-3.623627656637997,-2.6741626308886914,15
-2.037877645636859,-0.5507035910234086,35
-0.49295160726963755,0.17684034161997175,47
-1.8356102862291501,-0.8424442049246611,25
-3.1619271008753405,-1.1140108204956467,18
-0.9357714143445349,-0.9714296699840201,18
-0.9743144988914559,1.0469219547777493,15
-0.4932309494416344,0.17446798342671366,24
23.148869462121013,60.95577884020401,7
-0.5148811110904001,-0.3719665447963494,29
0.9085812758781185,-2.0114876705526994,19
-2.8119335462024146,-3.426252360194826,10
-0.30371134305219705,-0.24163163920180558,24
-0.4628402668863851,0.42840113030648674,23
-1.1554628201801003,-1.979437472913334,10
18.10548205249142,-31.07917248711864,8
-2.2591161270036038,-2.081171394207294,13
3.4156396934569355,3.7099802559132864,44
-1.1421603912695633,-1.4913436390881878,11
3.939807689607804,-6.489883870464777,9
-6.101633867319847,1.2605663218369432,26
-4.779670500057479,-10.094694759010684,8
5.452417895145954,-11.759390519480812,8
1.1776910120464879,2.481566520736438,14
0.6714772259748865,2.0102982086334387,12
0.9465024712425043,2.295124840615528,16
-0.5408541151073779,-0.4934168017762046,24
-0.3584576937167357,-0.1213636395810449,48
0.7089886236323126,1.7504647856804532,14
-0.4884420246587147,0.29042196008529386,16
-0.6262044932243813,0.6588717796146137,13
-6.794413549569229,7.822702528403322,9
-0.8754264617217025,-2.3378296482070087,10
-0.6457422162834516,-1.501623160286531,11
-2.0775733702198527,3.5137123179397234,10
-0.5757854059244154,0.5037347010164042,18
3.109886804501287,-8.55003867632884,8
-1.662286704380843,-0.88167271035895,21
25.999555169926825,20.566296094642656,9
1.1922180526056299,-2.4595426681177806,16
-0.3182552912208956,0.46921306322790896,20
115.38194525956165,-258.6409477684466,6
-2.2079458427055116,3.0064774870352236,9
-0.6751513704632985,0.4510220195523357,27
1.0032133837816475,2.231901990025566,13
2.596873669837683,-3.289340540295474,24
-1.7267033303215222,-0.568472802001347,37
0.6399360636784021,2.2059628071087936,7
1.3015962495107847,3.020789341401269,8
-0.3515208957386952,0.2045526487876856,40
-0.3397167645519945,-0.08605699753189677,62
4.111636979663437,5.485411955872305,8
-0.3863810797007524,-0.11416118178668322,82
1.2924049388578958,-3.767219899147535,6
-0.6744148793003724,-0.499276033082222,21
-1.5076206296385943,4.051180205304236,8
-0.33493417468852327,0.588984485252905,13
0.6707783627173937,-1.7627584791081987,16
-0.5454104783097545,-0.34531846154842627,22
-2.9267681036441577,-1.5231349337015478,13
-0.3314322760452506,0.42870934092568697,15
-0.6578726769039379,-0.10783723872483808,84
-6.584874287469115,-7.914148298410317,8
3.010262273335111,-4.406343205463122,11
-6.194335485762837,5.618957704846226,10
-0.9137638807697729,0.159470138358752,46
-4.992050128026867,-0.8134013411216214,33
0.775999589777485,1.7696197953816095,36
-0.325747992036931,0.11720964310107018,74
-9.823892244447395,5.405220993008686,9
-0.21698000516910976,0.3332045873324949,17
1.890754920309903,3.442759156422525,13
-0.514329020263023,-0.5466832568915969,20
-2.4531940875214606,-2.988275553302527,8
1.8691588096187457,-3.990757851469356,9
-0.4075701533542215,-0.18569641037673668,45
0.5204734456590574,-1.6609454589720305,15
-1.0589831057937575,-1.5796734273365147,12
3.4539729970809243,6.39237687200475,8
-0.40172282298054224,-0.3014129914647947,30
6.291615533826893,-10.658431513055742,9
12.72085077734548,7.508896465532049,19
0.4996418808109826,-1.4247388626367785,28
2.010049340546065,-3.2718922557706787,12
-1.5133128829679223,-1.8516955527467975,13
-0.3432021065086135,0.16943449378465525,48
-4.469945834576326,-7.151550674577241,9
-2.7761452439243093,3.064805771523853,11
-17.26124912853106,2.8752324577457533,19
1.4287640461213909,2.889967088871486,14
5.624289341069702,-13.716038949529484,8
-18.158782519042656,-4.646654589383999,15
-0.5791949735177833,-0.194287437636945,38
-0.7750193979083226,0.3835929319885496,28
-0.94735224628555,0.546719117929861,21
-0.4031449472211486,0.09438259202100152,72
1.231180478013101,-3.883432961013718,9
0.8628210642091169,1.9206099067226867,21
-1.4341359840461676,-1.1614446066057091,18
1.606409828511939,2.985815633811936,11
-0.4989300868508847,-0.45748151791424896,22
8.933061845179065,-14.303438632131966,7
-0.8129833470149855,2.1175766872353123,12
-1.1169531951377383,-0.7108983954514195,19
2.3569051426759122,3.973311215530983,10
-0.9066506382806359,-0.23189849565420084,72
-0.9192191625445856,0.5735303839868033,26
-1.199970136422724,0.5846306538905741,22
-1.2854679672759592,-1.4656707521788181,9
-0.4296323593095929,-0.4519657829156033,23
-2.063681436917487,3.645810463925287,10
-0.53274617688287,-0.24675430853728475,36
110.63034919977976,-172.2875692393701,6
6.474850141999,-10.749132876766943,7
-3.833938393572115,4.058359247577797,6
-7.976790557828748,8.942744565813474,9
-0.4202951113909298,-0.08814916929520444,86
-0.21108826080759807,0.07221190590828619,58
-2.068346074983853,3.9876405420373895,9
-0.8035799566853714,0.6538812894894503,19
-0.4713277080057327,-0.41868864978019205,19
-1.681738234896445,-1.337437501785169,16
-0.9257143200742283,-1.1817596564923631,13
-0.4854700749922856,-0.15357234583680113,46
-1.0330248695993003,-0.615084405663377,23
1.7634302236201054,-3.320270861916347,10
-3.510196046122988,-8.798301235479574,8
-5.055008548549721,8.653167916727037,7
1.5037950790228805,-3.4573200669548383,9
0.46427855700403287,-1.38413406898016,8
-0.6960330095781728,0.11105233422071703,79
-2.008131605827129,4.633753643616413,8
-0.9737705073672952,0.46041889277997283,28
0.6751902661696622,2.0085040380713997,9
3.76385223195384,-4.1724841460554805,16
-20.485447750720322,17.352610048807882,9
-0.3367360783076758,-0.5861234448002313,12
-0.9499968795564913,-0.9673610576767963,17
-1.908340434015752,0.4209417765424235,33
0.5715076157921427,-1.63878494335932,13
0.9059437809868564,-2.230742992793083,8
-0.34222483131950515,0.27338108156612967,17
-1.172752792213424,0.1920592023112302,43
13.247887823759426,-16.674688048720597,8
-3.562956543890681,-1.6574243744386539,22
-0.6742807331036696,0.3227788109955191,38
-7.977405454944994,7.03020611301314,10
-0.6265921737227399,0.47676855470240476,26
-18.706352930828874,-13.342954108285722,8
-1.2135073365916746,-2.353851786855063,11
-1.7603098734724254,-3.2191359136291378,9
-1.372169843012658,-1.3719370308527998,12
-1.0680743940152564,1.579867465867616,13
-1.7365450646455522,0.7415839396774061,22
2.2985339885253406,-3.3553757318710296,11
-23.133524372613465,-16.553936641727063,9
1.5323633717370406,4.26446923771714,9
4.503168863792049,5.011051400982031,13
-0.7873618078436063,1.7631488939027582,9
-0.3462906980214149,0.08833296012804637,60
-1.2651094931255986,0.8590740450137794,13
-1.282084495648229,0.7870277323819365,16
3.155116542522294,-4.161966843955581,13
-0.7806029365249955,0.3025279238806382,40
-38.044511690143636,61.043080552556525,6
-0.8085944936519649,0.1298236371134398,71
-0.5467143459711715,0.7465858893739709,14
8.94311143048163,-9.69767922988601,7
1.7301371194224922,-2.8720124626573034,16
-0.3843360907958402,-0.6006404118836326,13
0.39751618938761024,1.2771456501374665,27
-1.1540263482800697,1.3807919079453983,12
-0.3562205239366615,-0.36730367411735493,22
0.5095951643396675,1.4432111770031137,23
-0.2779498105718859,-0.16936581336987727,34
-0.48436426285951517,-0.10458463388207284,100
-2.42576144125178,1.4374900209836494,17
2.3168937650520762,-4.885134019847942,10
-0.49924075954684,0.6406181143115799,18
-0.7741027310239716,-0.725467304762489,19
-0.6165672238057691,-0.8923005507742547,16
-11.762209787986917,22.849758451032642,9
1.8372317576422883,-3.2099152455733853,13
-2.7152341725738762,3.7537946626166425,11
0.9443524381949698,2.2925443512981625,11
-2.617169687099199,1.1496399833623472,18
-0.28491915653224364,-0.08816753383827819,74
-1.3941419830722799,2.8677594903586177,10
-0.341869480365131,-0.5503147155791206,19
-0.7004089987032025,0.5092165418306285,21
-1.5179280548365441,-0.7842050899472481,23
0.4692458932120825,-1.628034620125613,10
2.1984392378386377,2.9979460622795973,32
-1.824358307522748,2.8844486710347863,10
-0.3349352922425803,-0.19834469680641464,32
-1.9740851922880167,-2.4345120665630304,9
-3.2254591947307216,-4.539693561779724,9
-0.7374038480597694,0.4820217597875618,24
-5.263218472374194,14.748542631433498,7
-1.2778940854485952,0.7194277737519108,27
1477.5743037775167,-4409.8894782106645,6
-0.6096941010872644,-0.38399578693510106,21
-1.9447885343836044,1.70257278015964,13
-0.4143607600991009,0.2215613970029059,31
0.7259998921430566,-2.3261918355616857,12
-0.845365550928204,0.40888787267241766,32
-1.3727661776674422,-0.8020364135178448,20
-19.479619202149426,-16.698049893410733,7
0.32740710048627686,1.1543788733872762,24
-0.26277736392634804,0.30173015184343627,18
1.5331453776461852,-5.1298714078549255,9
-1.7967152526909644,0.387915813621901,41
1.4149256624628037,-2.5575453692690187,16
-0.6327099308204688,1.298753854887556,12
-0.2621264900323302,-0.22284553423202824,28
-16.251067644813716,19.41753300215646,7
-1.3507838747588237,-0.823146716897969,21
5.109361315029055,11.07297662833577,7
-40.276620836112464,49.920043338689005,7
-2.404240069280798,-5.233629549346459,7
-0.4047383045786252,0.20585251131845417,26
8.35751532625596,18.14174988680423,7
0.45492953102557,-1.5077820880268695,15
-0.34726980273856334,0.2562004850050098,29
-1.1685528158614276,1.1188091121786115,20
-0.3205801028349976,0.18886209369246432,42
-3.9332684481288838,-2.0990602416668063,14
-0.3495083915617856,-0.20254010835223768,37
-1.3024149403281144,1.8802696863913302,12
-0.3887388914898071,0.271993114819276,25
-0.6170674432316274,0.7307356170476836,16
0.6226481226527127,-1.6159713268338933,15
1.9613574593898577,5.051615331561032,8
-0.5867782887397442,-0.39952804580670576,26
-1.2826875552748944,0.4285721388993572,24
28.9540148982081,-13.817553712895961,11
-0.3742382062478476,0.1663030972068673,28
0.7727515509991234,2.2439579796555287,11
-1.5220357756586822,0.9195196967896838,18
2.2963464491962275,-3.7307458988520956,12
0.7667105829468431,-2.105249738624846,11
-48.8712787560808,-78.06000906044007,6
-0.30472306017549267,-0.0680886477021091,89
14.482903721174766,-47.98666295202264,6
-0.3247418357373297,-0.30564885120036944,18
-0.33718336636329843,0.3109451630022772,25
-0.5467083099279274,-0.22880606438734263,35
-1.1582985081441008,0.9555582287623905,16
-0.8265681560985937,-0.6363853689885217,21
-1.646416637586898,-0.7480655992957493,24
-0.945786976258334,0.6009309640347436,21
-0.6825045952587007,-0.5307527701069501,20
0.6480047167802934,-1.7727165104247384,15
-1.1604466439906027,1.0905426957640212,16
-14.607749409268143,5.41231454735216,13
-0.6152841885995568,-0.22246519535406073,36
1.0775183772491175,-2.34888384533036,12
-0.7398674246895064,0.33238533692746197,37
-0.6851970028673847,-1.1473996070995045,14
-2.453896218628025,2.900730412821521,11
-1.601345767309539,-1.8038303682107584,13
4.0213308181818554,11.737818464014376,7
2.2390913604146743,5.0522288961440704,10
-1.2885945955459464,-1.6595663538458125,14
1.7864258992298612,-3.1945282510187507,11
1.1570308017605437,2.995278153738554,9
1.4303801671365242,3.4033920184513033,8
0.5564605252219931,1.519772656610082,35
-3.8046065616267364,5.970671808251403,9
-7.018266866959006,7.963274730969878,9
-0.35595328994811093,0.1110469807020531,77
-1.5716969811413382,1.8913557794566254,9
-0.4568975609457558,0.8152928546164474,14
-0.37821813437491053,0.09008537470577582,68
6.535615908618187,8.515192085126884,6
-0.7207998770405202,0.712279934948032,10
-1.4111611477764936,1.109051261644813,17
2.62533486310695,-3.2405770252418975,3
-0.8730036674808107,2.030970056113278,11
0.4719539708279298,-1.7267787265427677,7
1.553867012568665,-3.260998981060172,11
0.5825945612568907,-1.8206475791820977,13
1.3591919579399947,3.541622528061108,10
-0.24388870939780655,0.20900957811652565,27
1.008543493793699,2.2181822201263275,15
-0.687964385772211,0.4368245993476919,27
1.3287261069985028,-2.6081688643499605,14
-0.9728863149441166,1.4986326105172285,14
-0.5431100803833114,0.26209506431600826,31
-0.24271471275789958,-0.13649302080665032,40
-0.4108366447122814,-0.22513175764911186,34
-0.94520055195423,1.5453932041908445,12
-0.6021817180018672,1.2568268235341313,10
-2.1131264324910704,0.629552812669073,25
-0.5820180897053288,-0.41691713835188504,19
-1.1773235384762837,-0.611611117261717,27
-1.2892600326585015,-2.1268970593329675,11
0.9109933103767793,1.948889811507878,24
5.465774180708561,-6.05374113544666,11
-1.9209029340758808,1.3542493553869444,18
-0.5306060649437169,0.6575169341430644,15
-1.282811730484611,2.102632272769185,12
-0.6814338088328392,-1.216259262118601,10
-0.6847415483987102,-0.6787158924385138,19
-0.4998489871163279,0.09724023320023412,74
-0.8478012611455922,-1.1896039166235663,18
-0.6529307152310555,0.4372960299795765,28
-82.8863704361442,-107.85220993424417,6
-2.1666983807162024,-3.911994620259784,8
-0.6802399311180489,-1.1660185690172769,10
-0.3087707151762108,0.244395372362809,23
0.7968991565193918,1.9927299606250464,15
-0.5441853823648148,0.8350853479629083,13
4.734042077742072,5.269109733163033,12
-0.7503467085021229,0.48780894505060113,22
-0.7582905135505088,-0.3138789063796068,28
-0.5332255101327221,-0.20946370932928904,35
2.7134952424180283,3.790010873668725,12
-0.396325296629672,0.44714365097160824,23
1.20376444007357,-3.304859492631254,8
-0.4567609300286655,-0.4114420101098616,24
3.7688177099534403,-7.269728510202738,9
-0.9610914753825831,-0.7505386253769251,19
2.496208674361516,-4.416680780795607,8
-1.0678227747697389,-1.8437875578346388,10
-2.5393226696785205,2.1592515339119216,13
0.8796296455096833,-2.1128745381246237,15
0.6718671028286525,-1.9949103442001856,9
3.0303156638467215,-7.387352291345046,8
2.676166916326704,5.018776404481263,10
-0.5819771597847103,0.8037995367078585,16
-0.9235725360991913,1.504639006936745,10
-1.8191789693946387,-2.496361837712336,12
-1.0723740198022085,-1.3912162416907006,11
12.151498475648735,35.35687301505672,6
-0.8721628868735111,2.160205502572552,10
-2.0469380132750423,-0.30278425047803514,59
-0.640790498443999,-0.6981041583136608,17
-1.1978155309591019,0.6854473330795767,19
-0.3910003666093576,-0.08696243393372227,89
2.144104298972557,-2.9498722838920024,36
10.901696691386892,-21.2150317190843,7
5.002745713876982,7.245252523546422,9
-0.5751482964841521,0.738250677803751,19
-1.88976504758764,-3.8164027061485606,10
-1.519925398164472,-0.817891385638358,30
1.8927782833309497,2.9902818669330724,12
0.4796212994998064,-1.3957746768204586,35
-0.6024136876446388,-0.6983262808066503,15
-0.813930520861252,-1.0607650631961303,15
14.067848212285915,14.925680622944622,7
-9.320562827363862,1.662023623123598,25
0.6256963442874597,-1.9225794886887144,10
5.674400696782868,-14.943111159954624,7
3.988799710580994,5.7416532274969105,9
0.5911510477385156,-1.6073767710468978,20
-0.564100845735353,0.3221135287094623,27
-0.966232026469885,0.5548221531862422,20
1.6638233531036402,3.282630016917169,10
4.967339836723507,7.475898221713816,10
-0.610685469345193,-0.19939715081904852,41
1.566350266614628,-4.57075473790201,8
-1.3322448720559639,1.6991153318367491,15
10.054316895009661,7.865119315847035,12
-1.22154907148631,-3.217042291345035,10
-0.2878940582790083,-0.3260811436370081,19
-0.2507412316343485,-0.08788163948575423,64
-1.5473760211670784,-1.564183408719284,12
-59.06659599114039,-52.572867046583006,7
-0.49819363407232004,-0.381901745324275,29
0.8025477156962566,1.9951323712905902,11
-0.4092873781211032,-0.35526127877543745,28
-0.4037334751205229,-0.8143768594552725,14
-4.007660671530055,0.417664499159232,63
-0.4416621601602259,0.38679760001076013,21
-0.9118000652994209,1.9470656634309524,11
2.6434478829872052,4.031554945901462,11
-0.9808143508175338,-0.9357243705745056,15
-5.010311591171365,5.042411637958615,11
0.6770295138161644,1.9589448468717392,12
1.2604383666768237,2.558435557009088,14
728.1216775305611,-1132.9698822556597,5
-0.28171981260933476,-0.30860113137542194,24
-0.6645991027363356,-0.8796248199151658,11
2.8989593618479024,4.32934690115895,9
7.092218933470985,-12.740789752792695,7
9.221235491187482,-15.760454726071053,8
2.347513302508989,3.8874470784244544,11
0.6722315235562358,1.7921678100283287,16
-4.835101179456833,7.760219690796997,7
-0.7101679324450066,0.995883481567988,12
-11.339849457285679,-8.70516488532708,8
1.1155008518124696,2.1134498439772362,73
0.7884611151449669,2.083911954448994,12
-0.413245443200155,-0.19743452965026143,37
10.79559066212785,-15.484303127768642,8
-1.2648027152049506,1.3599453033927376,14
3.8374806476652137,-8.952588325518885,7
-0.5988022943240594,0.10772691025649206,100
-0.4840180649182507,-0.5282566716806038,20
-2.0858906955354364,2.5415296779375653,9
9.997271771147936,20.007097322319673,7
-0.530128693565614,-0.4803073493906106,25
-0.9759767339031257,0.575588862664495,25
22.916249693521113,27.68741631786013,8
-1.811704349335686,-1.8702502848249132,11
0.45713374542930196,1.6116531034642194,12
-0.9389218251977587,-0.9352164682592067,14
-1.1805971955175367,-0.42681775414965917,34
-1.2969592146857518,1.9130832602459584,12
-1.099521114398978,1.2446997342982233,19
